0_1000 135.84267087663923 0.5680001113386381 53.18528020949591
0_100 138.00040958949498 0.9503565578233628 33.98942195347377
0_2000 141.02588272094727 0.44956289022451357 57.233363778250556
0_5000 175.48140999930246 0.37334422210142726 73.16509731837681
0_500 119.46862193516323 0.6499059273373513 44.44676230294364
3_1000 135.75008029029482 0.72296934454214 76.59823437645322
3_100 137.2001251004777 0.9784060699759789 40.74152223119196
3_2000 141.42677724929084 0.5914470395161993 80.87778316679454
3_5000 175.3786270504906 0.4805461422318504 98.65316054934547
3_500 119.51464840116955 0.7881551992325556 64.1539921715146
1_1000 132.53366041637602 0.807591864608583 30.1407659803118
1_100 139.95451416159577 0.9500493384757132 29.07828682773518
1_2000 141.05455972580683 0.7731537012826829 28.95659996214367
1_5000 170.19568394252232 0.7764969558942886 29.084703327360607
1_500 119.39541822160993 0.8046995043754578 28.899808929080056
2_1000 2369.900270879836 0.6696901308638709 59.61987446376256
2_100 155.24354291643417 0.9130584472701663 29.974426360357377
2_2000 4862.447093563988 0.6285984472149895 87.81528832571847
2_5000 12583.271377418154 0.6006645053625107 179.15052424839564
2_500 1107.9143944149926 0.6791957717566263 42.03650983174642
