0_1000 142.27583149501257 0.5741406474419001 55.444701491283766
0_100 144.6717734457064 0.9477936014407823 34.71564066910944
0_2000 145.0306498102781 0.456391476689517 58.6290099841206
0_5000 183.38535667868223 0.3949027786798337 76.08474229764538
0_500 124.68852205036067 0.6565537972986197 46.12901982539842
3_1000 142.15540711218569 0.7265508268811122 79.99186684103573
3_100 145.04174173178794 0.9702226584698973 42.17723333535074
3_2000 145.389490303873 0.5985520354965154 83.13687146611575
3_5000 183.38609753135873 0.50303671102063 103.08939375997592
3_500 124.78555403637284 0.790634206363133 66.55541719709124
1_1000 137.52916695089903 0.8064836008208138 31.447397648787298
1_100 147.1233392603257 0.9471027720876101 30.175689112238523
1_2000 144.9635512728651 0.7746407973165271 30.009765192240227
1_5000 176.2080435231954 0.7874945236855194 30.352694992257767
1_500 124.62013981923336 0.8023187122425112 30.305298989560423
2_1000 2429.801871676405 0.6692878269598264 61.69964202111509
2_100 159.62837668026194 0.9148835038938442 30.900276793151342
2_2000 4966.9552422531515 0.6308083162337792 89.8086542401995
2_5000 12964.047273010767 0.6193959606545312 184.20438167027064
2_500 1131.420954856552 0.6785741760199812 43.51679487789379
