#posCloneA_X posCloneA_X   detectRate   averageNbMessageSent   average_nb_WinessCacheMax   average_nb_WinessCache   average_nb_claimsMax   average_nb_claims   averageMemorySize   axMemorySize 
100		100		0.48048049211502075000 168.99099731445312000000 0.49949949979782104000 95.63563537597656000000 0.49949949979782104000 0.54554551839828490000 3 300.71069335937500000000 124.00000000000000000000 
500		0		0.22122122347354890000 95.43543243408203000000 0.47747749090194700000 53.74474334716797000000 0.47747749090194700000 0.50050050020217900000 1 872.36633300781250000000 124.00000000000000000000 
150		100		0.51651650667190550000 191.37637329101562000000 0.50050050020217900000 106.89489746093750000000 0.50050050020217900000 0.55555558204650880000 3 684.42651367187500000000 124.00000000000000000000 
350		100		0.57157158851623540000 195.77577209472656000000 0.50050050020217900000 109.52252197265625000000 0.50050050020217900000 0.55255258083343510000 3 773.49560546875000000000 124.00000000000000000000 
0		250		0.16416417062282562000 85.63563537597656000000 0.46746745705604553000 49.08708572387695000000 0.46746745705604553000 0.49949949979782104000 1 713.91589355468750000000 124.00000000000000000000 
150		250		0.50750750303268430000 181.21621704101562000000 0.49949949979782104000 103.19319152832031000000 0.49949949979782104000 0.54754751920700070000 3 557.84790039062500000000 124.00000000000000000000 
250		250		0.46946945786476135000 184.32632446289062000000 0.50050050020217900000 104.36336517333984000000 0.50050050020217900000 0.52552551031112670000 3 595.65161132812500000000 124.00000000000000000000 
350		250		0.50450450181961060000 174.68467712402344000000 0.49949949979782104000 99.18818664550781000000 0.49949949979782104000 0.53853851556777950000 3 420.86694335937500000000 124.00000000000000000000 
500		250		0.31031030416488650000 139.26727294921875000000 0.49549549818038940000 78.67567443847656000000 0.49549549818038940000 0.52452450990676880000 2 722.18017578125000000000 124.00000000000000000000 
0		350		0.36636635661125183000 138.98298645019530000000 0.49449449777603150000 78.35736083984375000000 0.49449449777603150000 0.52752751111984250000 2 711.62768554687500000000 124.00000000000000000000 
150		350		0.43243244290351870000 171.64164733886720000000 0.49949949979782104000 97.01301574707031000000 0.49949949979782104000 0.53653651475906370000 3 346.73071289062500000000 124.00000000000000000000 
350		350		0.45545545220375060000 162.39239501953125000000 0.49949949979782104000 92.65565490722656000000 0.49949949979782104000 0.53353351354599000000 3 198.31030273437500000000 124.00000000000000000000 
500		350		0.28328329324722290000 127.02602386474610000000 0.49549549818038940000 72.45345306396484000000 0.49549549818038940000 0.54054051637649540000 2 512.06616210937500000000 124.00000000000000000000 
0		500		0.21021020412445068000 99.07006835937500000000 0.48048049211502075000 56.16216278076172000000 0.48048049211502075000 0.50350350141525270000 1 954.82885742187500000000 124.00000000000000000000 
250		500		0.22022022306919098000 108.81481170654297000000 0.49449449777603150000 62.29629516601562500000 0.49449449777603150000 0.52852851152420040000 2 165.64160156250000000000 124.00000000000000000000 
500		500		0.16816817224025726000 92.70970916748047000000 0.47047045826911926000 52.61962127685547000000 0.47047045826911926000 0.49149149656295776000 1 833.30126953125000000000 124.00000000000000000000 
327		229		0.52252250909805300000 181.70570373535156000000 0.49949949979782104000 102.78178405761719000000 0.49949949979782104000 0.55055058002471920000 3 544.13012695312500000000 124.00000000000000000000 
